31612
81791
87349
92075
25691
10394
21323
67644
15333
27343
25352
55491
39603
74001
16132
84290
50227
19893
20742
78480
57352
27253
75078
36380
89333
98950
45577
73142
121
78919
26104
66727
85487
68433
94541
86549
17342
94918
90460
56965
75122
81877
49662
18946
88601
24645
55966
13661
32334
45150
56007
81011
99286
45836
9606
16214
84487
65341
48833
55904
1093
8943
5943
13050
52714
94536
22747
3324
91907
46290
88704
43923
24696
89236
2827
35923
33284
5761
26223
26864
38604
36824
71677
11058
18183
3920
45751
98805
47125
12934
76931
47549
18879
79375
58723
65585
15155
90848
18420
88485
56247
48335
99561
96584
18258
78659
93981
67101
87341
28982
64409
44961
85308
19683
14511
86320
50104
27691
97010
26405
38256
39824
38895
71412
85393
62799
16832
32070
25861
16733
79712
12037
10420
49539
36226
26853
72832
67894
75471
1427
56100
85090
88429
40222
92623
95291
82936
90385
39660
88579
58729
48834
86427
9935
40616
54850
75491
64573
56175
42093
29138
28524
90124
46689
26021
2364
46687
1304
32928
92987
25935
37824
99053
30466
62484
65084
87367
26346
37285
126
49162
97345
81844
51517
78646
71615
96453
74464
22879
90684
70412
80081
66075
3194
75220
82975
48120
57114
5532
90481
64348
57006
85050
49810
19528
71609
79679
48794
95412
1729
4506
60903
50126
82020
32471
66010
91590
18313
34790
13813
75047
18034
43048
9115
98362
55823
66534
58650
22481
85288
90269
18321
7188
88842
4585
68352
41831
67539
94805
32168
253
72387
69614
15309
96403
81110
14539
76871
46573
52262
44442
81751
66899
70932
33271
30500
99192
32553
46063
92961
2242
97808
31040
73020
47677
64753
74897
69103
9431
10860
34570
49614
8957
29278
71384
65089
67474
43276
95360
48011
77086
36149
61126
16264
384
41122
64145
61120
78105
16845
96977
80741
16584
44224
49256
62644
82228
4627
5555
29553
99171
24905
6407
28751
34245
51308
45132
78111
5344
50010
79904
48317
42979
46185
6997
25543
50545
12210
36675
10606
15514
93789
86815
94749
57170
99797
32305
67819
20942
72031
17123
74349
83598
9177
96206
48396
520
52293
28575
36247
15661
85364
81475
35568
98976
80914
63342
60776
72348
11954
78663
58736
96256
82708
23915
86367
20802
97184
31800
86307
75673
48884
37425
14146
91434
71111
80022
59174
81278
72864
42755
45967
21513
76297
996
16521
26435
4637
66718
90588
21169
81556
45730
48069
18127
83272
85339
55320
71463
44270
32971
11202
56455
33390
92830
67628
42303
55772
30797
96959
7896
44762
92583
20520
14022
92109
92216
75632
49390
57269
91476
73415
87992
7658
5989
60784
17755
78059
2339
32212
29123
49498
74024
31372
16578
14254
56738
26037
2426
43040
14393
4427
4579
48311
21132
